Dynamical matrix file
Phonons on a uniform q-grid                                                
  1    2   2  10.2625000   0.0000000   0.0000000   0.0000000   0.0000000   0.0000000
           1  'Si  '    25598.367289828169     
    1    1      0.0000000000      0.0000000000      0.0000000000
    2    1      0.2500000000      0.2500000000      0.2500000000

     Dynamical  Matrix in cartesian axes

     q = (    0.750000000  -0.250000000   0.750000000 ) 

    1    1
  0.25629462  -0.00000000    -0.00675413   0.00823347     0.00649015  -0.00000000
 -0.00675413  -0.00823347     0.30808531   0.00000000    -0.00675413  -0.00823347
  0.00649015  -0.00000000    -0.00675413   0.00823347     0.25629462  -0.00000000
    1    2
 -0.06247755   0.06366730    -0.04377393   0.04637303    -0.04421919  -0.14447999
 -0.04377393   0.04637303    -0.06068036   0.08206782    -0.04377393   0.04637303
 -0.04421919  -0.14447999    -0.04377393   0.04637303    -0.06247755   0.06366730
    2    1
 -0.06247755  -0.06366730    -0.04377393  -0.04637303    -0.04421919   0.14447999
 -0.04377393  -0.04637303    -0.06068036  -0.08206782    -0.04377393  -0.04637303
 -0.04421919   0.14447999    -0.04377393  -0.04637303    -0.06247755  -0.06366730
    2    2
  0.25629462   0.00000000    -0.00675413  -0.00823347     0.00649015   0.00000000
 -0.00675413   0.00823347     0.30808531  -0.00000000    -0.00675413   0.00823347
  0.00649015   0.00000000    -0.00675413  -0.00823347     0.25629462   0.00000000

     Dynamical  Matrix in cartesian axes

     q = (    0.750000000  -0.250000000  -0.750000000 ) 

    1    1
  0.25629462   0.00000000    -0.00675413  -0.00823347    -0.00649015  -0.00000000
 -0.00675413   0.00823347     0.30808531  -0.00000000     0.00675413  -0.00823347
 -0.00649015  -0.00000000     0.00675413   0.00823347     0.25629462   0.00000000
    1    2
 -0.06366730   0.06247755    -0.04637303   0.04377393    -0.14447999  -0.04421919
 -0.04637303   0.04377393    -0.08206782   0.06068036     0.04637303  -0.04377393
 -0.14447999  -0.04421919     0.04637303  -0.04377393    -0.06366730   0.06247755
    2    1
 -0.06366730  -0.06247755    -0.04637303  -0.04377393    -0.14447999   0.04421919
 -0.04637303  -0.04377393    -0.08206782  -0.06068036     0.04637303   0.04377393
 -0.14447999   0.04421919     0.04637303   0.04377393    -0.06366730  -0.06247755
    2    2
  0.25629462  -0.00000000    -0.00675413   0.00823347    -0.00649015   0.00000000
 -0.00675413  -0.00823347     0.30808531   0.00000000     0.00675413   0.00823347
 -0.00649015   0.00000000     0.00675413  -0.00823347     0.25629462  -0.00000000

     Dynamical  Matrix in cartesian axes

     q = (   -0.750000000  -0.250000000  -0.750000000 ) 

    1    1
  0.25629462  -0.00000000     0.00675413  -0.00823347     0.00649015  -0.00000000
  0.00675413   0.00823347     0.30808531   0.00000000     0.00675413   0.00823347
  0.00649015  -0.00000000     0.00675413  -0.00823347     0.25629462  -0.00000000
    1    2
  0.06366730   0.06247755    -0.04637303  -0.04377393    -0.14447999   0.04421919
 -0.04637303  -0.04377393     0.08206782   0.06068036    -0.04637303  -0.04377393
 -0.14447999   0.04421919    -0.04637303  -0.04377393     0.06366730   0.06247755
    2    1
  0.06366730  -0.06247755    -0.04637303   0.04377393    -0.14447999  -0.04421919
 -0.04637303   0.04377393     0.08206782  -0.06068036    -0.04637303   0.04377393
 -0.14447999  -0.04421919    -0.04637303   0.04377393     0.06366730  -0.06247755
    2    2
  0.25629462   0.00000000     0.00675413   0.00823347     0.00649015   0.00000000
  0.00675413  -0.00823347     0.30808531  -0.00000000     0.00675413  -0.00823347
  0.00649015   0.00000000     0.00675413   0.00823347     0.25629462   0.00000000

     Dynamical  Matrix in cartesian axes

     q = (   -0.750000000  -0.250000000   0.750000000 ) 

    1    1
  0.25629462   0.00000000     0.00675413   0.00823347    -0.00649015  -0.00000000
  0.00675413  -0.00823347     0.30808531   0.00000000    -0.00675413   0.00823347
 -0.00649015  -0.00000000    -0.00675413  -0.00823347     0.25629462   0.00000000
    1    2
 -0.06366730   0.06247755     0.04637303  -0.04377393    -0.14447999  -0.04421919
  0.04637303  -0.04377393    -0.08206782   0.06068036    -0.04637303   0.04377393
 -0.14447999  -0.04421919    -0.04637303   0.04377393    -0.06366730   0.06247755
    2    1
 -0.06366730  -0.06247755     0.04637303   0.04377393    -0.14447999   0.04421919
  0.04637303   0.04377393    -0.08206782  -0.06068036    -0.04637303  -0.04377393
 -0.14447999   0.04421919    -0.04637303  -0.04377393    -0.06366730  -0.06247755
    2    2
  0.25629462  -0.00000000     0.00675413  -0.00823347    -0.00649015   0.00000000
  0.00675413   0.00823347     0.30808531   0.00000000    -0.00675413  -0.00823347
 -0.00649015   0.00000000    -0.00675413   0.00823347     0.25629462  -0.00000000

     Dynamical  Matrix in cartesian axes

     q = (   -0.750000000   0.250000000  -0.750000000 ) 

    1    1
  0.25629462   0.00000000    -0.00675413  -0.00823347     0.00649015   0.00000000
 -0.00675413   0.00823347     0.30808531  -0.00000000    -0.00675413   0.00823347
  0.00649015   0.00000000    -0.00675413  -0.00823347     0.25629462   0.00000000
    1    2
 -0.06247755  -0.06366730    -0.04377393  -0.04637303    -0.04421919   0.14447999
 -0.04377393  -0.04637303    -0.06068036  -0.08206782    -0.04377393  -0.04637303
 -0.04421919   0.14447999    -0.04377393  -0.04637303    -0.06247755  -0.06366730
    2    1
 -0.06247755   0.06366730    -0.04377393   0.04637303    -0.04421919  -0.14447999
 -0.04377393   0.04637303    -0.06068036   0.08206782    -0.04377393   0.04637303
 -0.04421919  -0.14447999    -0.04377393   0.04637303    -0.06247755   0.06366730
    2    2
  0.25629462  -0.00000000    -0.00675413   0.00823347     0.00649015  -0.00000000
 -0.00675413  -0.00823347     0.30808531   0.00000000    -0.00675413  -0.00823347
  0.00649015  -0.00000000    -0.00675413   0.00823347     0.25629462  -0.00000000

     Dynamical  Matrix in cartesian axes

     q = (   -0.250000000   0.750000000  -0.750000000 ) 

    1    1
  0.30808531  -0.00000000    -0.00675413   0.00823347     0.00675413  -0.00823347
 -0.00675413  -0.00823347     0.25629462   0.00000000    -0.00649015  -0.00000000
  0.00675413   0.00823347    -0.00649015  -0.00000000     0.25629462   0.00000000
    1    2
 -0.08206782   0.06068036    -0.04637303   0.04377393     0.04637303  -0.04377393
 -0.04637303   0.04377393    -0.06366730   0.06247755    -0.14447999  -0.04421919
  0.04637303  -0.04377393    -0.14447999  -0.04421919    -0.06366730   0.06247755
    2    1
 -0.08206782  -0.06068036    -0.04637303  -0.04377393     0.04637303   0.04377393
 -0.04637303  -0.04377393    -0.06366730  -0.06247755    -0.14447999   0.04421919
  0.04637303   0.04377393    -0.14447999   0.04421919    -0.06366730  -0.06247755
    2    2
  0.30808531   0.00000000    -0.00675413  -0.00823347     0.00675413   0.00823347
 -0.00675413   0.00823347     0.25629462  -0.00000000    -0.00649015   0.00000000
  0.00675413  -0.00823347    -0.00649015   0.00000000     0.25629462  -0.00000000

     Dynamical  Matrix in cartesian axes

     q = (   -0.750000000   0.750000000  -0.250000000 ) 

    1    1
  0.25629462   0.00000000    -0.00649015  -0.00000000     0.00675413   0.00823347
 -0.00649015  -0.00000000     0.25629462   0.00000000    -0.00675413  -0.00823347
  0.00675413  -0.00823347    -0.00675413   0.00823347     0.30808531  -0.00000000
    1    2
 -0.06366730   0.06247755    -0.14447999  -0.04421919     0.04637303  -0.04377393
 -0.14447999  -0.04421919    -0.06366730   0.06247755    -0.04637303   0.04377393
  0.04637303  -0.04377393    -0.04637303   0.04377393    -0.08206782   0.06068036
    2    1
 -0.06366730  -0.06247755    -0.14447999   0.04421919     0.04637303   0.04377393
 -0.14447999   0.04421919    -0.06366730  -0.06247755    -0.04637303  -0.04377393
  0.04637303   0.04377393    -0.04637303  -0.04377393    -0.08206782  -0.06068036
    2    2
  0.25629462  -0.00000000    -0.00649015   0.00000000     0.00675413  -0.00823347
 -0.00649015   0.00000000     0.25629462  -0.00000000    -0.00675413   0.00823347
  0.00675413   0.00823347    -0.00675413  -0.00823347     0.30808531   0.00000000

     Dynamical  Matrix in cartesian axes

     q = (    0.750000000   0.250000000   0.750000000 ) 

    1    1
  0.25629462   0.00000000     0.00675413   0.00823347     0.00649015   0.00000000
  0.00675413  -0.00823347     0.30808531  -0.00000000     0.00675413  -0.00823347
  0.00649015   0.00000000     0.00675413   0.00823347     0.25629462   0.00000000
    1    2
  0.06366730  -0.06247755    -0.04637303   0.04377393    -0.14447999  -0.04421919
 -0.04637303   0.04377393     0.08206782  -0.06068036    -0.04637303   0.04377393
 -0.14447999  -0.04421919    -0.04637303   0.04377393     0.06366730  -0.06247755
    2    1
  0.06366730   0.06247755    -0.04637303  -0.04377393    -0.14447999   0.04421919
 -0.04637303  -0.04377393     0.08206782   0.06068036    -0.04637303  -0.04377393
 -0.14447999   0.04421919    -0.04637303  -0.04377393     0.06366730   0.06247755
    2    2
  0.25629462  -0.00000000     0.00675413  -0.00823347     0.00649015  -0.00000000
  0.00675413   0.00823347     0.30808531   0.00000000     0.00675413   0.00823347
  0.00649015  -0.00000000     0.00675413  -0.00823347     0.25629462  -0.00000000

     Dynamical  Matrix in cartesian axes

     q = (   -0.750000000   0.250000000   0.750000000 ) 

    1    1
  0.25629462  -0.00000000    -0.00675413   0.00823347    -0.00649015   0.00000000
 -0.00675413  -0.00823347     0.30808531   0.00000000     0.00675413   0.00823347
 -0.00649015   0.00000000     0.00675413  -0.00823347     0.25629462  -0.00000000
    1    2
 -0.06366730  -0.06247755    -0.04637303  -0.04377393    -0.14447999   0.04421919
 -0.04637303  -0.04377393    -0.08206782  -0.06068036     0.04637303   0.04377393
 -0.14447999   0.04421919     0.04637303   0.04377393    -0.06366730  -0.06247755
    2    1
 -0.06366730   0.06247755    -0.04637303   0.04377393    -0.14447999  -0.04421919
 -0.04637303   0.04377393    -0.08206782   0.06068036     0.04637303  -0.04377393
 -0.14447999  -0.04421919     0.04637303  -0.04377393    -0.06366730   0.06247755
    2    2
  0.25629462   0.00000000    -0.00675413  -0.00823347    -0.00649015  -0.00000000
 -0.00675413   0.00823347     0.30808531  -0.00000000     0.00675413  -0.00823347
 -0.00649015  -0.00000000     0.00675413   0.00823347     0.25629462   0.00000000

     Dynamical  Matrix in cartesian axes

     q = (    0.750000000   0.250000000  -0.750000000 ) 

    1    1
  0.25629462  -0.00000000     0.00675413  -0.00823347    -0.00649015   0.00000000
  0.00675413   0.00823347     0.30808531   0.00000000    -0.00675413  -0.00823347
 -0.00649015   0.00000000    -0.00675413   0.00823347     0.25629462  -0.00000000
    1    2
 -0.06366730  -0.06247755     0.04637303   0.04377393    -0.14447999   0.04421919
  0.04637303   0.04377393    -0.08206782  -0.06068036    -0.04637303  -0.04377393
 -0.14447999   0.04421919    -0.04637303  -0.04377393    -0.06366730  -0.06247755
    2    1
 -0.06366730   0.06247755     0.04637303  -0.04377393    -0.14447999  -0.04421919
  0.04637303  -0.04377393    -0.08206782   0.06068036    -0.04637303   0.04377393
 -0.14447999  -0.04421919    -0.04637303   0.04377393    -0.06366730   0.06247755
    2    2
  0.25629462   0.00000000     0.00675413   0.00823347    -0.00649015  -0.00000000
  0.00675413  -0.00823347     0.30808531   0.00000000    -0.00675413   0.00823347
 -0.00649015  -0.00000000    -0.00675413  -0.00823347     0.25629462   0.00000000

     Dynamical  Matrix in cartesian axes

     q = (   -0.750000000   0.750000000   0.250000000 ) 

    1    1
  0.25629462  -0.00000000    -0.00649015   0.00000000    -0.00675413   0.00823347
 -0.00649015   0.00000000     0.25629462  -0.00000000     0.00675413  -0.00823347
 -0.00675413  -0.00823347     0.00675413   0.00823347     0.30808531   0.00000000
    1    2
 -0.06366730  -0.06247755    -0.14447999   0.04421919    -0.04637303  -0.04377393
 -0.14447999   0.04421919    -0.06366730  -0.06247755     0.04637303   0.04377393
 -0.04637303  -0.04377393     0.04637303   0.04377393    -0.08206782  -0.06068036
    2    1
 -0.06366730   0.06247755    -0.14447999  -0.04421919    -0.04637303   0.04377393
 -0.14447999  -0.04421919    -0.06366730   0.06247755     0.04637303  -0.04377393
 -0.04637303   0.04377393     0.04637303  -0.04377393    -0.08206782   0.06068036
    2    2
  0.25629462   0.00000000    -0.00649015  -0.00000000    -0.00675413  -0.00823347
 -0.00649015  -0.00000000     0.25629462   0.00000000     0.00675413   0.00823347
 -0.00675413   0.00823347     0.00675413  -0.00823347     0.30808531  -0.00000000

     Dynamical  Matrix in cartesian axes

     q = (   -0.250000000   0.750000000   0.750000000 ) 

    1    1
  0.30808531   0.00000000    -0.00675413  -0.00823347    -0.00675413  -0.00823347
 -0.00675413   0.00823347     0.25629462  -0.00000000     0.00649015  -0.00000000
 -0.00675413   0.00823347     0.00649015   0.00000000     0.25629462  -0.00000000
    1    2
 -0.06068036   0.08206782    -0.04377393   0.04637303    -0.04377393   0.04637303
 -0.04377393   0.04637303    -0.06247755   0.06366730    -0.04421919  -0.14447999
 -0.04377393   0.04637303    -0.04421919  -0.14447999    -0.06247755   0.06366730
    2    1
 -0.06068036  -0.08206782    -0.04377393  -0.04637303    -0.04377393  -0.04637303
 -0.04377393  -0.04637303    -0.06247755  -0.06366730    -0.04421919   0.14447999
 -0.04377393  -0.04637303    -0.04421919   0.14447999    -0.06247755  -0.06366730
    2    2
  0.30808531  -0.00000000    -0.00675413   0.00823347    -0.00675413   0.00823347
 -0.00675413  -0.00823347     0.25629462   0.00000000     0.00649015   0.00000000
 -0.00675413  -0.00823347     0.00649015  -0.00000000     0.25629462   0.00000000

     Dynamical  Matrix in cartesian axes

     q = (    0.250000000   0.750000000  -0.750000000 ) 

    1    1
  0.30808531   0.00000000     0.00675413   0.00823347    -0.00675413  -0.00823347
  0.00675413  -0.00823347     0.25629462  -0.00000000    -0.00649015   0.00000000
 -0.00675413   0.00823347    -0.00649015   0.00000000     0.25629462  -0.00000000
    1    2
 -0.08206782  -0.06068036     0.04637303   0.04377393    -0.04637303  -0.04377393
  0.04637303   0.04377393    -0.06366730  -0.06247755    -0.14447999   0.04421919
 -0.04637303  -0.04377393    -0.14447999   0.04421919    -0.06366730  -0.06247755
    2    1
 -0.08206782   0.06068036     0.04637303  -0.04377393    -0.04637303   0.04377393
  0.04637303  -0.04377393    -0.06366730   0.06247755    -0.14447999  -0.04421919
 -0.04637303   0.04377393    -0.14447999  -0.04421919    -0.06366730   0.06247755
    2    2
  0.30808531  -0.00000000     0.00675413  -0.00823347    -0.00675413   0.00823347
  0.00675413   0.00823347     0.25629462   0.00000000    -0.00649015  -0.00000000
 -0.00675413  -0.00823347    -0.00649015  -0.00000000     0.25629462   0.00000000

     Dynamical  Matrix in cartesian axes

     q = (   -0.250000000  -0.750000000  -0.750000000 ) 

    1    1
  0.30808531   0.00000000     0.00675413   0.00823347     0.00675413   0.00823347
  0.00675413  -0.00823347     0.25629462  -0.00000000     0.00649015   0.00000000
  0.00675413  -0.00823347     0.00649015  -0.00000000     0.25629462  -0.00000000
    1    2
  0.08206782   0.06068036    -0.04637303  -0.04377393    -0.04637303  -0.04377393
 -0.04637303  -0.04377393     0.06366730   0.06247755    -0.14447999   0.04421919
 -0.04637303  -0.04377393    -0.14447999   0.04421919     0.06366730   0.06247755
    2    1
  0.08206782  -0.06068036    -0.04637303   0.04377393    -0.04637303   0.04377393
 -0.04637303   0.04377393     0.06366730  -0.06247755    -0.14447999  -0.04421919
 -0.04637303   0.04377393    -0.14447999  -0.04421919     0.06366730  -0.06247755
    2    2
  0.30808531  -0.00000000     0.00675413  -0.00823347     0.00675413  -0.00823347
  0.00675413   0.00823347     0.25629462   0.00000000     0.00649015  -0.00000000
  0.00675413   0.00823347     0.00649015   0.00000000     0.25629462   0.00000000

     Dynamical  Matrix in cartesian axes

     q = (    0.750000000   0.750000000  -0.250000000 ) 

    1    1
  0.25629462  -0.00000000     0.00649015  -0.00000000    -0.00675413   0.00823347
  0.00649015  -0.00000000     0.25629462  -0.00000000    -0.00675413   0.00823347
 -0.00675413  -0.00823347    -0.00675413  -0.00823347     0.30808531   0.00000000
    1    2
 -0.06247755   0.06366730    -0.04421919  -0.14447999    -0.04377393   0.04637303
 -0.04421919  -0.14447999    -0.06247755   0.06366730    -0.04377393   0.04637303
 -0.04377393   0.04637303    -0.04377393   0.04637303    -0.06068036   0.08206782
    2    1
 -0.06247755  -0.06366730    -0.04421919   0.14447999    -0.04377393  -0.04637303
 -0.04421919   0.14447999    -0.06247755  -0.06366730    -0.04377393  -0.04637303
 -0.04377393  -0.04637303    -0.04377393  -0.04637303    -0.06068036  -0.08206782
    2    2
  0.25629462   0.00000000     0.00649015   0.00000000    -0.00675413  -0.00823347
  0.00649015   0.00000000     0.25629462   0.00000000    -0.00675413  -0.00823347
 -0.00675413   0.00823347    -0.00675413   0.00823347     0.30808531  -0.00000000

     Dynamical  Matrix in cartesian axes

     q = (    0.750000000  -0.750000000   0.250000000 ) 

    1    1
  0.25629462  -0.00000000    -0.00649015   0.00000000     0.00675413  -0.00823347
 -0.00649015   0.00000000     0.25629462  -0.00000000    -0.00675413   0.00823347
  0.00675413   0.00823347    -0.00675413  -0.00823347     0.30808531   0.00000000
    1    2
 -0.06366730  -0.06247755    -0.14447999   0.04421919     0.04637303   0.04377393
 -0.14447999   0.04421919    -0.06366730  -0.06247755    -0.04637303  -0.04377393
  0.04637303   0.04377393    -0.04637303  -0.04377393    -0.08206782  -0.06068036
    2    1
 -0.06366730   0.06247755    -0.14447999  -0.04421919     0.04637303  -0.04377393
 -0.14447999  -0.04421919    -0.06366730   0.06247755    -0.04637303   0.04377393
  0.04637303  -0.04377393    -0.04637303   0.04377393    -0.08206782   0.06068036
    2    2
  0.25629462   0.00000000    -0.00649015  -0.00000000     0.00675413   0.00823347
 -0.00649015  -0.00000000     0.25629462   0.00000000    -0.00675413  -0.00823347
  0.00675413  -0.00823347    -0.00675413   0.00823347     0.30808531  -0.00000000

     Dynamical  Matrix in cartesian axes

     q = (   -0.750000000  -0.750000000  -0.250000000 ) 

    1    1
  0.25629462  -0.00000000     0.00649015  -0.00000000     0.00675413  -0.00823347
  0.00649015  -0.00000000     0.25629462  -0.00000000     0.00675413  -0.00823347
  0.00675413   0.00823347     0.00675413   0.00823347     0.30808531   0.00000000
    1    2
  0.06366730   0.06247755    -0.14447999   0.04421919    -0.04637303  -0.04377393
 -0.14447999   0.04421919     0.06366730   0.06247755    -0.04637303  -0.04377393
 -0.04637303  -0.04377393    -0.04637303  -0.04377393     0.08206782   0.06068036
    2    1
  0.06366730  -0.06247755    -0.14447999  -0.04421919    -0.04637303   0.04377393
 -0.14447999  -0.04421919     0.06366730  -0.06247755    -0.04637303   0.04377393
 -0.04637303   0.04377393    -0.04637303   0.04377393     0.08206782  -0.06068036
    2    2
  0.25629462   0.00000000     0.00649015   0.00000000     0.00675413   0.00823347
  0.00649015   0.00000000     0.25629462   0.00000000     0.00675413   0.00823347
  0.00675413  -0.00823347     0.00675413  -0.00823347     0.30808531  -0.00000000

     Dynamical  Matrix in cartesian axes

     q = (    0.250000000  -0.750000000   0.750000000 ) 

    1    1
  0.30808531   0.00000000    -0.00675413  -0.00823347     0.00675413   0.00823347
 -0.00675413   0.00823347     0.25629462  -0.00000000    -0.00649015   0.00000000
  0.00675413  -0.00823347    -0.00649015   0.00000000     0.25629462  -0.00000000
    1    2
 -0.08206782  -0.06068036    -0.04637303  -0.04377393     0.04637303   0.04377393
 -0.04637303  -0.04377393    -0.06366730  -0.06247755    -0.14447999   0.04421919
  0.04637303   0.04377393    -0.14447999   0.04421919    -0.06366730  -0.06247755
    2    1
 -0.08206782   0.06068036    -0.04637303   0.04377393     0.04637303  -0.04377393
 -0.04637303   0.04377393    -0.06366730   0.06247755    -0.14447999  -0.04421919
  0.04637303  -0.04377393    -0.14447999  -0.04421919    -0.06366730   0.06247755
    2    2
  0.30808531  -0.00000000    -0.00675413   0.00823347     0.00675413  -0.00823347
 -0.00675413  -0.00823347     0.25629462   0.00000000    -0.00649015  -0.00000000
  0.00675413   0.00823347    -0.00649015  -0.00000000     0.25629462   0.00000000

     Dynamical  Matrix in cartesian axes

     q = (   -0.750000000  -0.750000000   0.250000000 ) 

    1    1
  0.25629462   0.00000000     0.00649015   0.00000000    -0.00675413  -0.00823347
  0.00649015   0.00000000     0.25629462   0.00000000    -0.00675413  -0.00823347
 -0.00675413   0.00823347    -0.00675413   0.00823347     0.30808531  -0.00000000
    1    2
 -0.06247755  -0.06366730    -0.04421919   0.14447999    -0.04377393  -0.04637303
 -0.04421919   0.14447999    -0.06247755  -0.06366730    -0.04377393  -0.04637303
 -0.04377393  -0.04637303    -0.04377393  -0.04637303    -0.06068036  -0.08206782
    2    1
 -0.06247755   0.06366730    -0.04421919  -0.14447999    -0.04377393   0.04637303
 -0.04421919  -0.14447999    -0.06247755   0.06366730    -0.04377393   0.04637303
 -0.04377393   0.04637303    -0.04377393   0.04637303    -0.06068036   0.08206782
    2    2
  0.25629462  -0.00000000     0.00649015  -0.00000000    -0.00675413   0.00823347
  0.00649015  -0.00000000     0.25629462  -0.00000000    -0.00675413   0.00823347
 -0.00675413  -0.00823347    -0.00675413  -0.00823347     0.30808531   0.00000000

     Dynamical  Matrix in cartesian axes

     q = (    0.250000000   0.750000000   0.750000000 ) 

    1    1
  0.30808531  -0.00000000     0.00675413  -0.00823347     0.00675413  -0.00823347
  0.00675413   0.00823347     0.25629462   0.00000000     0.00649015  -0.00000000
  0.00675413   0.00823347     0.00649015   0.00000000     0.25629462   0.00000000
    1    2
  0.08206782  -0.06068036    -0.04637303   0.04377393    -0.04637303   0.04377393
 -0.04637303   0.04377393     0.06366730  -0.06247755    -0.14447999  -0.04421919
 -0.04637303   0.04377393    -0.14447999  -0.04421919     0.06366730  -0.06247755
    2    1
  0.08206782   0.06068036    -0.04637303  -0.04377393    -0.04637303  -0.04377393
 -0.04637303  -0.04377393     0.06366730   0.06247755    -0.14447999   0.04421919
 -0.04637303  -0.04377393    -0.14447999   0.04421919     0.06366730   0.06247755
    2    2
  0.30808531   0.00000000     0.00675413   0.00823347     0.00675413   0.00823347
  0.00675413  -0.00823347     0.25629462  -0.00000000     0.00649015   0.00000000
  0.00675413  -0.00823347     0.00649015  -0.00000000     0.25629462  -0.00000000

     Dynamical  Matrix in cartesian axes

     q = (   -0.250000000  -0.750000000   0.750000000 ) 

    1    1
  0.30808531  -0.00000000     0.00675413  -0.00823347    -0.00675413   0.00823347
  0.00675413   0.00823347     0.25629462   0.00000000    -0.00649015  -0.00000000
 -0.00675413  -0.00823347    -0.00649015  -0.00000000     0.25629462   0.00000000
    1    2
 -0.08206782   0.06068036     0.04637303  -0.04377393    -0.04637303   0.04377393
  0.04637303  -0.04377393    -0.06366730   0.06247755    -0.14447999  -0.04421919
 -0.04637303   0.04377393    -0.14447999  -0.04421919    -0.06366730   0.06247755
    2    1
 -0.08206782  -0.06068036     0.04637303   0.04377393    -0.04637303  -0.04377393
  0.04637303   0.04377393    -0.06366730  -0.06247755    -0.14447999   0.04421919
 -0.04637303  -0.04377393    -0.14447999   0.04421919    -0.06366730  -0.06247755
    2    2
  0.30808531   0.00000000     0.00675413   0.00823347    -0.00675413  -0.00823347
  0.00675413  -0.00823347     0.25629462  -0.00000000    -0.00649015   0.00000000
 -0.00675413   0.00823347    -0.00649015   0.00000000     0.25629462  -0.00000000

     Dynamical  Matrix in cartesian axes

     q = (    0.750000000   0.750000000   0.250000000 ) 

    1    1
  0.25629462   0.00000000     0.00649015   0.00000000     0.00675413   0.00823347
  0.00649015   0.00000000     0.25629462   0.00000000     0.00675413   0.00823347
  0.00675413  -0.00823347     0.00675413  -0.00823347     0.30808531  -0.00000000
    1    2
  0.06366730  -0.06247755    -0.14447999  -0.04421919    -0.04637303   0.04377393
 -0.14447999  -0.04421919     0.06366730  -0.06247755    -0.04637303   0.04377393
 -0.04637303   0.04377393    -0.04637303   0.04377393     0.08206782  -0.06068036
    2    1
  0.06366730   0.06247755    -0.14447999   0.04421919    -0.04637303  -0.04377393
 -0.14447999   0.04421919     0.06366730   0.06247755    -0.04637303  -0.04377393
 -0.04637303  -0.04377393    -0.04637303  -0.04377393     0.08206782   0.06068036
    2    2
  0.25629462  -0.00000000     0.00649015  -0.00000000     0.00675413  -0.00823347
  0.00649015  -0.00000000     0.25629462  -0.00000000     0.00675413  -0.00823347
  0.00675413   0.00823347     0.00675413   0.00823347     0.30808531   0.00000000

     Dynamical  Matrix in cartesian axes

     q = (    0.250000000  -0.750000000  -0.750000000 ) 

    1    1
  0.30808531  -0.00000000    -0.00675413   0.00823347    -0.00675413   0.00823347
 -0.00675413  -0.00823347     0.25629462   0.00000000     0.00649015   0.00000000
 -0.00675413  -0.00823347     0.00649015  -0.00000000     0.25629462   0.00000000
    1    2
 -0.06068036  -0.08206782    -0.04377393  -0.04637303    -0.04377393  -0.04637303
 -0.04377393  -0.04637303    -0.06247755  -0.06366730    -0.04421919   0.14447999
 -0.04377393  -0.04637303    -0.04421919   0.14447999    -0.06247755  -0.06366730
    2    1
 -0.06068036   0.08206782    -0.04377393   0.04637303    -0.04377393   0.04637303
 -0.04377393   0.04637303    -0.06247755   0.06366730    -0.04421919  -0.14447999
 -0.04377393   0.04637303    -0.04421919  -0.14447999    -0.06247755   0.06366730
    2    2
  0.30808531   0.00000000    -0.00675413  -0.00823347    -0.00675413  -0.00823347
 -0.00675413   0.00823347     0.25629462  -0.00000000     0.00649015  -0.00000000
 -0.00675413   0.00823347     0.00649015   0.00000000     0.25629462  -0.00000000

     Dynamical  Matrix in cartesian axes

     q = (    0.750000000  -0.750000000  -0.250000000 ) 

    1    1
  0.25629462   0.00000000    -0.00649015  -0.00000000    -0.00675413  -0.00823347
 -0.00649015  -0.00000000     0.25629462   0.00000000     0.00675413   0.00823347
 -0.00675413   0.00823347     0.00675413  -0.00823347     0.30808531  -0.00000000
    1    2
 -0.06366730   0.06247755    -0.14447999  -0.04421919    -0.04637303   0.04377393
 -0.14447999  -0.04421919    -0.06366730   0.06247755     0.04637303  -0.04377393
 -0.04637303   0.04377393     0.04637303  -0.04377393    -0.08206782   0.06068036
    2    1
 -0.06366730  -0.06247755    -0.14447999   0.04421919    -0.04637303  -0.04377393
 -0.14447999   0.04421919    -0.06366730  -0.06247755     0.04637303   0.04377393
 -0.04637303  -0.04377393     0.04637303   0.04377393    -0.08206782  -0.06068036
    2    2
  0.25629462  -0.00000000    -0.00649015   0.00000000    -0.00675413   0.00823347
 -0.00649015   0.00000000     0.25629462  -0.00000000     0.00675413  -0.00823347
 -0.00675413  -0.00823347     0.00675413   0.00823347     0.30808531   0.00000000

     Diagonalizing the dynamical matrix

     q = (    0.750000000  -0.250000000   0.750000000 ) 

 **************************************************************************
     freq (    1) =       4.156301 [THz] =     138.639280 [cm-1]
 (  0.043691 -0.498087  0.000000 -0.000000 -0.043691  0.498087 ) 
 (  0.500000  0.000000  0.000000 -0.000000 -0.500000  0.000000 ) 
     freq (    2) =       5.881231 [THz] =     196.176742 [cm-1]
 ( -0.387952 -0.170168 -0.343210  0.152573 -0.387952 -0.170168 ) 
 ( -0.423632 -0.000000 -0.253017 -0.277586 -0.423632  0.000000 ) 
     freq (    3) =       9.515364 [THz] =     317.398382 [cm-1]
 (  0.127233 -0.283172  0.367316  0.415126  0.127233 -0.283172 ) 
 ( -0.310443 -0.000000  0.228118  0.505186 -0.310443  0.000000 ) 
     freq (    4) =      12.343364 [THz] =     411.730316 [cm-1]
 (  0.056890  0.314070 -0.401381 -0.367614  0.056890  0.314070 ) 
 ( -0.319181  0.000000  0.433269  0.329430 -0.319181  0.000000 ) 
     freq (    5) =      13.926995 [THz] =     464.554556 [cm-1]
 (  0.043691 -0.498087 -0.000000  0.000000 -0.043691  0.498087 ) 
 ( -0.500000  0.000000  0.000000  0.000000  0.500000  0.000000 ) 
     freq (    6) =      14.326242 [THz] =     477.871993 [cm-1]
 ( -0.305103 -0.170870 -0.456051  0.217826 -0.305103 -0.170870 ) 
 (  0.349692 -0.000000  0.291464  0.412892  0.349692 -0.000000 ) 
 **************************************************************************
