Dynamical matrix file
Phonons on a uniform q-grid                                                
  1    2   2  10.2625000   0.0000000   0.0000000   0.0000000   0.0000000   0.0000000
           1  'Si  '    25598.367289828169     
    1    1      0.0000000000      0.0000000000      0.0000000000
    2    1      0.2500000000      0.2500000000      0.2500000000

     Dynamical  Matrix in cartesian axes

     q = (   -0.250000000   0.250000000  -0.250000000 ) 

    1    1
  0.27926520  -0.00000000    -0.01193142   0.00000000     0.01193142  -0.00000000
 -0.01193142   0.00000000     0.27926520  -0.00000000    -0.01193142   0.00000000
  0.01193142  -0.00000000    -0.01193142   0.00000000     0.27926520  -0.00000000
    1    2
 -0.20667998  -0.06043157    -0.04128104   0.04237681     0.04128104  -0.04237681
 -0.04128104   0.04237681    -0.20667998  -0.06043157    -0.04128104   0.04237681
  0.04128104  -0.04237681    -0.04128104   0.04237681    -0.20667998  -0.06043157
    2    1
 -0.20667998   0.06043157    -0.04128104  -0.04237681     0.04128104   0.04237681
 -0.04128104  -0.04237681    -0.20667998   0.06043157    -0.04128104  -0.04237681
  0.04128104   0.04237681    -0.04128104  -0.04237681    -0.20667998   0.06043157
    2    2
  0.27926520   0.00000000    -0.01193142  -0.00000000     0.01193142   0.00000000
 -0.01193142  -0.00000000     0.27926520   0.00000000    -0.01193142  -0.00000000
  0.01193142   0.00000000    -0.01193142  -0.00000000     0.27926520   0.00000000

     Dynamical  Matrix in cartesian axes

     q = (    0.250000000  -0.250000000  -0.250000000 ) 

    1    1
  0.27926520  -0.00000000    -0.01193142   0.00000000    -0.01193142   0.00000000
 -0.01193142   0.00000000     0.27926520  -0.00000000     0.01193142  -0.00000000
 -0.01193142   0.00000000     0.01193142  -0.00000000     0.27926520  -0.00000000
    1    2
 -0.20667998  -0.06043157    -0.04128104   0.04237681    -0.04128104   0.04237681
 -0.04128104   0.04237681    -0.20667998  -0.06043157     0.04128104  -0.04237681
 -0.04128104   0.04237681     0.04128104  -0.04237681    -0.20667998  -0.06043157
    2    1
 -0.20667998   0.06043157    -0.04128104  -0.04237681    -0.04128104  -0.04237681
 -0.04128104  -0.04237681    -0.20667998   0.06043157     0.04128104   0.04237681
 -0.04128104  -0.04237681     0.04128104   0.04237681    -0.20667998   0.06043157
    2    2
  0.27926520   0.00000000    -0.01193142  -0.00000000    -0.01193142  -0.00000000
 -0.01193142  -0.00000000     0.27926520   0.00000000     0.01193142   0.00000000
 -0.01193142  -0.00000000     0.01193142   0.00000000     0.27926520   0.00000000

     Dynamical  Matrix in cartesian axes

     q = (    0.250000000  -0.250000000   0.250000000 ) 

    1    1
  0.27926520   0.00000000    -0.01193142  -0.00000000     0.01193142   0.00000000
 -0.01193142  -0.00000000     0.27926520   0.00000000    -0.01193142  -0.00000000
  0.01193142   0.00000000    -0.01193142  -0.00000000     0.27926520   0.00000000
    1    2
 -0.20667998   0.06043157    -0.04128104  -0.04237681     0.04128104   0.04237681
 -0.04128104  -0.04237681    -0.20667998   0.06043157    -0.04128104  -0.04237681
  0.04128104   0.04237681    -0.04128104  -0.04237681    -0.20667998   0.06043157
    2    1
 -0.20667998  -0.06043157    -0.04128104   0.04237681     0.04128104  -0.04237681
 -0.04128104   0.04237681    -0.20667998  -0.06043157    -0.04128104   0.04237681
  0.04128104  -0.04237681    -0.04128104   0.04237681    -0.20667998  -0.06043157
    2    2
  0.27926520  -0.00000000    -0.01193142   0.00000000     0.01193142  -0.00000000
 -0.01193142   0.00000000     0.27926520  -0.00000000    -0.01193142   0.00000000
  0.01193142  -0.00000000    -0.01193142   0.00000000     0.27926520  -0.00000000

     Dynamical  Matrix in cartesian axes

     q = (    0.250000000   0.250000000   0.250000000 ) 

    1    1
  0.27926520  -0.00000000     0.01193142  -0.00000000     0.01193142  -0.00000000
  0.01193142  -0.00000000     0.27926520  -0.00000000     0.01193142  -0.00000000
  0.01193142  -0.00000000     0.01193142  -0.00000000     0.27926520  -0.00000000
    1    2
 -0.06043157   0.20667998    -0.04237681  -0.04128104    -0.04237681  -0.04128104
 -0.04237681  -0.04128104    -0.06043157   0.20667998    -0.04237681  -0.04128104
 -0.04237681  -0.04128104    -0.04237681  -0.04128104    -0.06043157   0.20667998
    2    1
 -0.06043157  -0.20667998    -0.04237681   0.04128104    -0.04237681   0.04128104
 -0.04237681   0.04128104    -0.06043157  -0.20667998    -0.04237681   0.04128104
 -0.04237681   0.04128104    -0.04237681   0.04128104    -0.06043157  -0.20667998
    2    2
  0.27926520   0.00000000     0.01193142   0.00000000     0.01193142   0.00000000
  0.01193142   0.00000000     0.27926520   0.00000000     0.01193142   0.00000000
  0.01193142   0.00000000     0.01193142   0.00000000     0.27926520   0.00000000

     Dynamical  Matrix in cartesian axes

     q = (   -0.250000000  -0.250000000  -0.250000000 ) 

    1    1
  0.27926520   0.00000000     0.01193142   0.00000000     0.01193142   0.00000000
  0.01193142   0.00000000     0.27926520   0.00000000     0.01193142   0.00000000
  0.01193142   0.00000000     0.01193142   0.00000000     0.27926520   0.00000000
    1    2
 -0.06043157  -0.20667998    -0.04237681   0.04128104    -0.04237681   0.04128104
 -0.04237681   0.04128104    -0.06043157  -0.20667998    -0.04237681   0.04128104
 -0.04237681   0.04128104    -0.04237681   0.04128104    -0.06043157  -0.20667998
    2    1
 -0.06043157   0.20667998    -0.04237681  -0.04128104    -0.04237681  -0.04128104
 -0.04237681  -0.04128104    -0.06043157   0.20667998    -0.04237681  -0.04128104
 -0.04237681  -0.04128104    -0.04237681  -0.04128104    -0.06043157   0.20667998
    2    2
  0.27926520  -0.00000000     0.01193142  -0.00000000     0.01193142  -0.00000000
  0.01193142  -0.00000000     0.27926520  -0.00000000     0.01193142  -0.00000000
  0.01193142  -0.00000000     0.01193142  -0.00000000     0.27926520  -0.00000000

     Dynamical  Matrix in cartesian axes

     q = (   -0.250000000  -0.250000000   0.250000000 ) 

    1    1
  0.27926520  -0.00000000     0.01193142  -0.00000000    -0.01193142   0.00000000
  0.01193142  -0.00000000     0.27926520  -0.00000000    -0.01193142   0.00000000
 -0.01193142   0.00000000    -0.01193142   0.00000000     0.27926520  -0.00000000
    1    2
 -0.20667998  -0.06043157     0.04128104  -0.04237681    -0.04128104   0.04237681
  0.04128104  -0.04237681    -0.20667998  -0.06043157    -0.04128104   0.04237681
 -0.04128104   0.04237681    -0.04128104   0.04237681    -0.20667998  -0.06043157
    2    1
 -0.20667998   0.06043157     0.04128104   0.04237681    -0.04128104  -0.04237681
  0.04128104   0.04237681    -0.20667998   0.06043157    -0.04128104  -0.04237681
 -0.04128104  -0.04237681    -0.04128104  -0.04237681    -0.20667998   0.06043157
    2    2
  0.27926520   0.00000000     0.01193142   0.00000000    -0.01193142  -0.00000000
  0.01193142   0.00000000     0.27926520   0.00000000    -0.01193142  -0.00000000
 -0.01193142  -0.00000000    -0.01193142  -0.00000000     0.27926520   0.00000000

     Dynamical  Matrix in cartesian axes

     q = (   -0.250000000   0.250000000   0.250000000 ) 

    1    1
  0.27926520   0.00000000    -0.01193142  -0.00000000    -0.01193142  -0.00000000
 -0.01193142  -0.00000000     0.27926520   0.00000000     0.01193142   0.00000000
 -0.01193142  -0.00000000     0.01193142   0.00000000     0.27926520   0.00000000
    1    2
 -0.20667998   0.06043157    -0.04128104  -0.04237681    -0.04128104  -0.04237681
 -0.04128104  -0.04237681    -0.20667998   0.06043157     0.04128104   0.04237681
 -0.04128104  -0.04237681     0.04128104   0.04237681    -0.20667998   0.06043157
    2    1
 -0.20667998  -0.06043157    -0.04128104   0.04237681    -0.04128104   0.04237681
 -0.04128104   0.04237681    -0.20667998  -0.06043157     0.04128104  -0.04237681
 -0.04128104   0.04237681     0.04128104  -0.04237681    -0.20667998  -0.06043157
    2    2
  0.27926520  -0.00000000    -0.01193142   0.00000000    -0.01193142   0.00000000
 -0.01193142   0.00000000     0.27926520  -0.00000000     0.01193142  -0.00000000
 -0.01193142   0.00000000     0.01193142  -0.00000000     0.27926520  -0.00000000

     Dynamical  Matrix in cartesian axes

     q = (    0.250000000   0.250000000  -0.250000000 ) 

    1    1
  0.27926520   0.00000000     0.01193142   0.00000000    -0.01193142  -0.00000000
  0.01193142   0.00000000     0.27926520   0.00000000    -0.01193142  -0.00000000
 -0.01193142  -0.00000000    -0.01193142  -0.00000000     0.27926520   0.00000000
    1    2
 -0.20667998   0.06043157     0.04128104   0.04237681    -0.04128104  -0.04237681
  0.04128104   0.04237681    -0.20667998   0.06043157    -0.04128104  -0.04237681
 -0.04128104  -0.04237681    -0.04128104  -0.04237681    -0.20667998   0.06043157
    2    1
 -0.20667998  -0.06043157     0.04128104  -0.04237681    -0.04128104   0.04237681
  0.04128104  -0.04237681    -0.20667998  -0.06043157    -0.04128104   0.04237681
 -0.04128104   0.04237681    -0.04128104   0.04237681    -0.20667998  -0.06043157
    2    2
  0.27926520  -0.00000000     0.01193142  -0.00000000    -0.01193142   0.00000000
  0.01193142  -0.00000000     0.27926520  -0.00000000    -0.01193142   0.00000000
 -0.01193142   0.00000000    -0.01193142   0.00000000     0.27926520  -0.00000000

     Diagonalizing the dynamical matrix

     q = (   -0.250000000   0.250000000  -0.250000000 ) 

 **************************************************************************
     freq (    1) =       2.813061 [THz] =      93.833626 [cm-1]
 (  0.277443  0.100659 -0.290918  0.059275 -0.568361 -0.041384 ) 
 (  0.284020  0.080245 -0.285845  0.080245 -0.569865  0.000000 ) 
     freq (    2) =       2.813061 [THz] =      93.833626 [cm-1]
 (  0.087643 -0.488411 -0.004777 -0.495140 -0.092420 -0.006729 ) 
 (  0.051943 -0.493486 -0.040722 -0.493486 -0.092665  0.000000 ) 
     freq (    3) =       6.885109 [THz] =     229.662524 [cm-1]
 ( -0.265282 -0.310310  0.265282  0.310310 -0.265282 -0.310310 ) 
 ( -0.408248  0.000000  0.408248  0.000000 -0.408248  0.000000 ) 
     freq (    4) =      14.454135 [THz] =     482.138039 [cm-1]
 (  0.265282  0.310310 -0.265282 -0.310310  0.265282  0.310310 ) 
 ( -0.408248  0.000000  0.408248  0.000000 -0.408248  0.000000 ) 
     freq (    5) =      14.769753 [THz] =     492.665931 [cm-1]
 (  0.064810  0.003584 -0.463072 -0.034852 -0.527882 -0.038437 ) 
 ( -0.064899  0.001132  0.464380  0.001132  0.529279  0.000000 ) 
     freq (    6) =      14.769753 [THz] =     492.665931 [cm-1]
 (  0.571981  0.044251  0.341945  0.027501 -0.230035 -0.016750 ) 
 ( -0.573684 -0.002597 -0.343040 -0.002597  0.230644  0.000000 ) 
 **************************************************************************
