Dynamical matrix file
Phonons on a uniform q-grid                                                
  2    2   2  10.5000000   0.0000000   0.0000000   0.0000000   0.0000000   0.0000000
           1  'Al  '    24590.765679071552     
           2  'As  '    68285.402693700540     
    1    1      0.0000000000      0.0000000000      0.0000000000
    2    2      0.2500000000      0.2500000000      0.2500000000

     Dynamical  Matrix in cartesian axes

     q = (    0.500000000   0.000000000   0.500000000 ) 

    1    1
  0.23933648   0.00000000     0.00000000  -0.01202809     0.01238114   0.00000000
  0.00000000   0.01202809     0.24102080   0.00000000     0.00000000   0.01202809
  0.01238114   0.00000000     0.00000000  -0.01202809     0.23933648   0.00000000
    1    2
  0.00000000   0.10906007    -0.06657222  -0.00000000     0.00000000  -0.07734010
 -0.08422716   0.00000000     0.00000000   0.09758804    -0.08422716   0.00000000
  0.00000000  -0.07734010    -0.06657222  -0.00000000     0.00000000   0.10906007
    2    1
 -0.00000000  -0.10906007    -0.08422716   0.00000000    -0.00000000   0.07734010
 -0.06657222   0.00000000    -0.00000000  -0.09758804    -0.06657222   0.00000000
  0.00000000   0.07734010    -0.08422716   0.00000000    -0.00000000  -0.10906007
    2    2
  0.28617229   0.00000000     0.00000000  -0.01042622     0.03451454   0.00000000
  0.00000000   0.01042622     0.28634089   0.00000000     0.00000000   0.01042622
  0.03451454   0.00000000     0.00000000  -0.01042622     0.28617229   0.00000000

     Dynamical  Matrix in cartesian axes

     q = (   -0.500000000   0.000000000  -0.500000000 ) 

    1    1
  0.23933648   0.00000000     0.00000000   0.01202809     0.01238114   0.00000000
  0.00000000  -0.01202809     0.24102080   0.00000000     0.00000000  -0.01202809
  0.01238114   0.00000000     0.00000000   0.01202809     0.23933648   0.00000000
    1    2
 -0.00000000  -0.10906007    -0.06657222   0.00000000    -0.00000000   0.07734010
 -0.08422716   0.00000000    -0.00000000  -0.09758804    -0.08422716   0.00000000
 -0.00000000   0.07734010    -0.06657222   0.00000000    -0.00000000  -0.10906007
    2    1
 -0.00000000   0.10906007    -0.08422716  -0.00000000    -0.00000000  -0.07734010
 -0.06657222  -0.00000000    -0.00000000   0.09758804    -0.06657222  -0.00000000
  0.00000000  -0.07734010    -0.08422716  -0.00000000    -0.00000000   0.10906007
    2    2
  0.28617229   0.00000000     0.00000000   0.01042622     0.03451454   0.00000000
  0.00000000  -0.01042622     0.28634089   0.00000000     0.00000000  -0.01042622
  0.03451454   0.00000000     0.00000000   0.01042622     0.28617229   0.00000000

     Dynamical  Matrix in cartesian axes

     q = (    0.000000000  -0.500000000   0.500000000 ) 

    1    1
  0.24102080   0.00000000     0.00000000   0.01202809     0.00000000  -0.01202809
  0.00000000  -0.01202809     0.23933648   0.00000000    -0.01238114   0.00000000
  0.00000000   0.01202809    -0.01238114   0.00000000     0.23933648   0.00000000
    1    2
 -0.09758804   0.00000000     0.00000000  -0.08422716     0.00000000   0.08422716
  0.00000000  -0.06657222    -0.10906007   0.00000000    -0.07734010   0.00000000
 -0.00000000   0.06657222    -0.07734010   0.00000000    -0.10906007   0.00000000
    2    1
 -0.09758804   0.00000000     0.00000000   0.06657222    -0.00000000  -0.06657222
  0.00000000   0.08422716    -0.10906007   0.00000000    -0.07734010  -0.00000000
 -0.00000000  -0.08422716    -0.07734010  -0.00000000    -0.10906007   0.00000000
    2    2
  0.28634089   0.00000000     0.00000000   0.01042622     0.00000000  -0.01042622
  0.00000000  -0.01042622     0.28617229   0.00000000    -0.03451454   0.00000000
  0.00000000   0.01042622    -0.03451454   0.00000000     0.28617229   0.00000000

     Dynamical  Matrix in cartesian axes

     q = (   -0.500000000   0.000000000   0.500000000 ) 

    1    1
  0.23933648   0.00000000    -0.00000000  -0.01202809    -0.01238114   0.00000000
 -0.00000000   0.01202809     0.24102080   0.00000000     0.00000000  -0.01202809
 -0.01238114   0.00000000     0.00000000   0.01202809     0.23933648   0.00000000
    1    2
 -0.10906007   0.00000000     0.00000000  -0.06657222    -0.07734010   0.00000000
  0.00000000  -0.08422716    -0.09758804   0.00000000     0.00000000   0.08422716
 -0.07734010   0.00000000     0.00000000   0.06657222    -0.10906007   0.00000000
    2    1
 -0.10906007   0.00000000     0.00000000   0.08422716    -0.07734010  -0.00000000
  0.00000000   0.06657222    -0.09758804   0.00000000    -0.00000000  -0.06657222
 -0.07734010  -0.00000000    -0.00000000  -0.08422716    -0.10906007   0.00000000
    2    2
  0.28617229   0.00000000     0.00000000  -0.01042622    -0.03451454   0.00000000
  0.00000000   0.01042622     0.28634089   0.00000000    -0.00000000  -0.01042622
 -0.03451454   0.00000000     0.00000000   0.01042622     0.28617229   0.00000000

     Dynamical  Matrix in cartesian axes

     q = (    0.500000000   0.000000000  -0.500000000 ) 

    1    1
  0.23933648   0.00000000     0.00000000   0.01202809    -0.01238114   0.00000000
 -0.00000000  -0.01202809     0.24102080   0.00000000    -0.00000000   0.01202809
 -0.01238114   0.00000000     0.00000000  -0.01202809     0.23933648   0.00000000
    1    2
 -0.10906007   0.00000000     0.00000000   0.06657222    -0.07734010   0.00000000
  0.00000000   0.08422716    -0.09758804   0.00000000     0.00000000  -0.08422716
 -0.07734010   0.00000000     0.00000000  -0.06657222    -0.10906007   0.00000000
    2    1
 -0.10906007   0.00000000    -0.00000000  -0.08422716    -0.07734010   0.00000000
 -0.00000000  -0.06657222    -0.09758804   0.00000000     0.00000000   0.06657222
 -0.07734010  -0.00000000     0.00000000   0.08422716    -0.10906007   0.00000000
    2    2
  0.28617229   0.00000000    -0.00000000   0.01042622    -0.03451454   0.00000000
  0.00000000  -0.01042622     0.28634089   0.00000000     0.00000000   0.01042622
 -0.03451454   0.00000000     0.00000000  -0.01042622     0.28617229   0.00000000

     Dynamical  Matrix in cartesian axes

     q = (    0.500000000   0.500000000   0.000000000 ) 

    1    1
  0.23933648   0.00000000     0.01238114   0.00000000     0.00000000  -0.01202809
  0.01238114   0.00000000     0.23933648   0.00000000     0.00000000  -0.01202809
  0.00000000   0.01202809     0.00000000   0.01202809     0.24102080   0.00000000
    1    2
 -0.00000000   0.10906007     0.00000000  -0.07734010    -0.06657222   0.00000000
  0.00000000  -0.07734010    -0.00000000   0.10906007    -0.06657222   0.00000000
 -0.08422716   0.00000000    -0.08422716   0.00000000     0.00000000   0.09758804
    2    1
 -0.00000000  -0.10906007    -0.00000000   0.07734010    -0.08422716   0.00000000
  0.00000000   0.07734010    -0.00000000  -0.10906007    -0.08422716   0.00000000
 -0.06657222   0.00000000    -0.06657222   0.00000000    -0.00000000  -0.09758804
    2    2
  0.28617229   0.00000000     0.03451454   0.00000000     0.00000000  -0.01042622
  0.03451454   0.00000000     0.28617229   0.00000000     0.00000000  -0.01042622
 -0.00000000   0.01042622    -0.00000000   0.01042622     0.28634089   0.00000000

     Dynamical  Matrix in cartesian axes

     q = (   -0.500000000  -0.500000000   0.000000000 ) 

    1    1
  0.23933648   0.00000000     0.01238114   0.00000000     0.00000000   0.01202809
  0.01238114   0.00000000     0.23933648   0.00000000     0.00000000   0.01202809
  0.00000000  -0.01202809     0.00000000  -0.01202809     0.24102080   0.00000000
    1    2
 -0.00000000  -0.10906007    -0.00000000   0.07734010    -0.06657222   0.00000000
  0.00000000   0.07734010    -0.00000000  -0.10906007    -0.06657222   0.00000000
 -0.08422716   0.00000000    -0.08422716   0.00000000    -0.00000000  -0.09758804
    2    1
 -0.00000000   0.10906007    -0.00000000  -0.07734010    -0.08422716   0.00000000
  0.00000000  -0.07734010    -0.00000000   0.10906007    -0.08422716   0.00000000
 -0.06657222   0.00000000    -0.06657222   0.00000000    -0.00000000   0.09758804
    2    2
  0.28617229   0.00000000     0.03451454   0.00000000     0.00000000   0.01042622
  0.03451454   0.00000000     0.28617229   0.00000000     0.00000000   0.01042622
 -0.00000000  -0.01042622    -0.00000000  -0.01042622     0.28634089   0.00000000

     Dynamical  Matrix in cartesian axes

     q = (   -0.500000000   0.500000000   0.000000000 ) 

    1    1
  0.23933648   0.00000000    -0.01238114   0.00000000    -0.00000000  -0.01202809
 -0.01238114   0.00000000     0.23933648   0.00000000     0.00000000   0.01202809
 -0.00000000   0.01202809     0.00000000  -0.01202809     0.24102080   0.00000000
    1    2
 -0.10906007   0.00000000    -0.07734010   0.00000000     0.00000000  -0.06657222
 -0.07734010   0.00000000    -0.10906007   0.00000000     0.00000000   0.06657222
  0.00000000  -0.08422716     0.00000000   0.08422716    -0.09758804   0.00000000
    2    1
 -0.10906007   0.00000000    -0.07734010  -0.00000000     0.00000000   0.08422716
 -0.07734010  -0.00000000    -0.10906007   0.00000000    -0.00000000  -0.08422716
  0.00000000   0.06657222    -0.00000000  -0.06657222    -0.09758804   0.00000000
    2    2
  0.28617229   0.00000000    -0.03451454   0.00000000     0.00000000  -0.01042622
 -0.03451454   0.00000000     0.28617229   0.00000000     0.00000000   0.01042622
  0.00000000   0.01042622    -0.00000000  -0.01042622     0.28634089   0.00000000

     Dynamical  Matrix in cartesian axes

     q = (    0.000000000   0.500000000   0.500000000 ) 

    1    1
  0.24102080   0.00000000    -0.00000000   0.01202809    -0.00000000   0.01202809
 -0.00000000  -0.01202809     0.23933648   0.00000000     0.01238114   0.00000000
 -0.00000000  -0.01202809     0.01238114   0.00000000     0.23933648   0.00000000
    1    2
  0.00000000   0.09758804    -0.08422716   0.00000000    -0.08422716   0.00000000
 -0.06657222   0.00000000     0.00000000   0.10906007     0.00000000  -0.07734010
 -0.06657222   0.00000000     0.00000000  -0.07734010     0.00000000   0.10906007
    2    1
 -0.00000000  -0.09758804    -0.06657222   0.00000000    -0.06657222   0.00000000
 -0.08422716   0.00000000     0.00000000  -0.10906007    -0.00000000   0.07734010
 -0.08422716   0.00000000    -0.00000000   0.07734010     0.00000000  -0.10906007
    2    2
  0.28634089   0.00000000     0.00000000   0.01042622     0.00000000   0.01042622
  0.00000000  -0.01042622     0.28617229   0.00000000     0.03451454   0.00000000
  0.00000000  -0.01042622     0.03451454   0.00000000     0.28617229   0.00000000

     Dynamical  Matrix in cartesian axes

     q = (    0.000000000   0.500000000  -0.500000000 ) 

    1    1
  0.24102080   0.00000000     0.00000000  -0.01202809     0.00000000   0.01202809
  0.00000000   0.01202809     0.23933648   0.00000000    -0.01238114   0.00000000
  0.00000000  -0.01202809    -0.01238114   0.00000000     0.23933648   0.00000000
    1    2
 -0.09758804   0.00000000     0.00000000   0.08422716     0.00000000  -0.08422716
  0.00000000   0.06657222    -0.10906007   0.00000000    -0.07734010   0.00000000
 -0.00000000  -0.06657222    -0.07734010   0.00000000    -0.10906007   0.00000000
    2    1
 -0.09758804   0.00000000     0.00000000  -0.06657222     0.00000000   0.06657222
  0.00000000  -0.08422716    -0.10906007   0.00000000    -0.07734010  -0.00000000
  0.00000000   0.08422716    -0.07734010  -0.00000000    -0.10906007   0.00000000
    2    2
  0.28634089   0.00000000     0.00000000  -0.01042622     0.00000000   0.01042622
  0.00000000   0.01042622     0.28617229   0.00000000    -0.03451454   0.00000000
  0.00000000  -0.01042622    -0.03451454   0.00000000     0.28617229   0.00000000

     Dynamical  Matrix in cartesian axes

     q = (    0.000000000  -0.500000000  -0.500000000 ) 

    1    1
  0.24102080   0.00000000    -0.00000000  -0.01202809     0.00000000  -0.01202809
  0.00000000   0.01202809     0.23933648   0.00000000     0.01238114   0.00000000
  0.00000000   0.01202809     0.01238114   0.00000000     0.23933648   0.00000000
    1    2
 -0.00000000  -0.09758804    -0.08422716   0.00000000    -0.08422716   0.00000000
 -0.06657222   0.00000000    -0.00000000  -0.10906007     0.00000000   0.07734010
 -0.06657222   0.00000000     0.00000000   0.07734010    -0.00000000  -0.10906007
    2    1
 -0.00000000   0.09758804    -0.06657222  -0.00000000    -0.06657222  -0.00000000
 -0.08422716  -0.00000000     0.00000000   0.10906007    -0.00000000  -0.07734010
 -0.08422716  -0.00000000    -0.00000000  -0.07734010     0.00000000   0.10906007
    2    2
  0.28634089   0.00000000    -0.00000000  -0.01042622     0.00000000  -0.01042622
  0.00000000   0.01042622     0.28617229   0.00000000     0.03451454   0.00000000
  0.00000000   0.01042622     0.03451454   0.00000000     0.28617229   0.00000000

     Dynamical  Matrix in cartesian axes

     q = (    0.500000000  -0.500000000   0.000000000 ) 

    1    1
  0.23933648   0.00000000    -0.01238114   0.00000000     0.00000000   0.01202809
 -0.01238114   0.00000000     0.23933648   0.00000000     0.00000000  -0.01202809
  0.00000000  -0.01202809     0.00000000   0.01202809     0.24102080   0.00000000
    1    2
 -0.10906007   0.00000000    -0.07734010   0.00000000     0.00000000   0.06657222
 -0.07734010   0.00000000    -0.10906007   0.00000000     0.00000000  -0.06657222
  0.00000000   0.08422716     0.00000000  -0.08422716    -0.09758804   0.00000000
    2    1
 -0.10906007   0.00000000    -0.07734010  -0.00000000    -0.00000000  -0.08422716
 -0.07734010  -0.00000000    -0.10906007   0.00000000     0.00000000   0.08422716
 -0.00000000  -0.06657222     0.00000000   0.06657222    -0.09758804   0.00000000
    2    2
  0.28617229   0.00000000    -0.03451454   0.00000000     0.00000000   0.01042622
 -0.03451454   0.00000000     0.28617229   0.00000000     0.00000000  -0.01042622
 -0.00000000  -0.01042622     0.00000000   0.01042622     0.28634089   0.00000000

     Diagonalizing the dynamical matrix

     q = (    0.500000000   0.000000000   0.500000000 ) 

 **************************************************************************
     freq (    1) =       3.497912 [THz] =     116.677771 [cm-1]
 ( -0.000000 -0.483194 -0.000000  0.000000 -0.000000  0.483194 ) 
 (  0.516259  0.000000 -0.000000  0.000000 -0.516259  0.000000 ) 
     freq (    2) =       5.052759 [THz] =     168.541915 [cm-1]
 ( -0.000000  0.229688  0.591204  0.000000 -0.000000  0.229688 ) 
 (  0.222723  0.000000 -0.000000  0.667648  0.222723  0.000000 ) 
     freq (    3) =       6.302770 [THz] =     210.237774 [cm-1]
 ( -0.000000 -0.252394  0.313819 -0.000000  0.000000 -0.252394 ) 
 (  0.552005 -0.000000  0.000000 -0.405824  0.552005  0.000000 ) 
     freq (    4) =      10.928938 [THz] =     364.550145 [cm-1]
 ( -0.000000  0.670816  0.211383  0.000000 -0.000000  0.670816 ) 
 (  0.002361 -0.000000  0.000000 -0.235196  0.002361  0.000000 ) 
     freq (    5) =      11.293400 [THz] =     376.707291 [cm-1]
 (  0.000000 -0.670069 -0.000000  0.000000 -0.000000  0.670069 ) 
 ( -0.225849 -0.000000  0.000000  0.000000  0.225849  0.000000 ) 
     freq (    6) =      11.330615 [THz] =     377.948634 [cm-1]
 (  0.000000 -0.204036  0.916804  0.000000 -0.000000 -0.204036 ) 
 ( -0.173722 -0.000000  0.000000 -0.125894 -0.173722  0.000000 ) 
 **************************************************************************
