Dynamical matrix file
Phonons on a uniform q-grid                                                
  2    2   2  10.5000000   0.0000000   0.0000000   0.0000000   0.0000000   0.0000000
           1  'Al  '    24590.765679071552     
           2  'As  '    68285.402693700540     
    1    1      0.0000000000      0.0000000000      0.0000000000
    2    2      0.2500000000      0.2500000000      0.2500000000

     Dynamical  Matrix in cartesian axes

     q = (   -0.250000000   0.250000000  -0.250000000 ) 

    1    1
  0.24884340   0.00000000    -0.01752331   0.00000000     0.01752331   0.00000000
 -0.01752331   0.00000000     0.24884340   0.00000000    -0.01752331   0.00000000
  0.01752331   0.00000000    -0.01752331   0.00000000     0.24884340   0.00000000
    1    2
 -0.16867185  -0.05293852    -0.04413076   0.03986191     0.04413076  -0.03986191
 -0.04413076   0.03986191    -0.16867185  -0.05293852    -0.04413076   0.03986191
  0.04413076  -0.03986191    -0.04413076   0.03986191    -0.16867185  -0.05293852
    2    1
 -0.16867185   0.05293852    -0.04413076  -0.03986191     0.04413076   0.03986191
 -0.04413076  -0.03986191    -0.16867185   0.05293852    -0.04413076  -0.03986191
  0.04413076   0.03986191    -0.04413076  -0.03986191    -0.16867185   0.05293852
    2    2
  0.26617962   0.00000000    -0.02042123  -0.00000000     0.02042123   0.00000000
 -0.02042123  -0.00000000     0.26617962   0.00000000    -0.02042123  -0.00000000
  0.02042123   0.00000000    -0.02042123  -0.00000000     0.26617962   0.00000000

     Dynamical  Matrix in cartesian axes

     q = (    0.250000000  -0.250000000   0.250000000 ) 

    1    1
  0.24884340  -0.00000000    -0.01752331  -0.00000000     0.01752331  -0.00000000
 -0.01752331  -0.00000000     0.24884340  -0.00000000    -0.01752331  -0.00000000
  0.01752331  -0.00000000    -0.01752331  -0.00000000     0.24884340  -0.00000000
    1    2
 -0.16867185   0.05293852    -0.04413076  -0.03986191     0.04413076   0.03986191
 -0.04413076  -0.03986191    -0.16867185   0.05293852    -0.04413076  -0.03986191
  0.04413076   0.03986191    -0.04413076  -0.03986191    -0.16867185   0.05293852
    2    1
 -0.16867185  -0.05293852    -0.04413076   0.03986191     0.04413076  -0.03986191
 -0.04413076   0.03986191    -0.16867185  -0.05293852    -0.04413076   0.03986191
  0.04413076  -0.03986191    -0.04413076   0.03986191    -0.16867185  -0.05293852
    2    2
  0.26617962  -0.00000000    -0.02042123   0.00000000     0.02042123  -0.00000000
 -0.02042123   0.00000000     0.26617962  -0.00000000    -0.02042123   0.00000000
  0.02042123  -0.00000000    -0.02042123   0.00000000     0.26617962  -0.00000000

     Dynamical  Matrix in cartesian axes

     q = (    0.250000000  -0.250000000  -0.250000000 ) 

    1    1
  0.24884340   0.00000000    -0.01752331   0.00000000    -0.01752331   0.00000000
 -0.01752331   0.00000000     0.24884340   0.00000000     0.01752331   0.00000000
 -0.01752331   0.00000000     0.01752331   0.00000000     0.24884340   0.00000000
    1    2
 -0.16867185  -0.05293852    -0.04413076   0.03986191    -0.04413076   0.03986191
 -0.04413076   0.03986191    -0.16867185  -0.05293852     0.04413076  -0.03986191
 -0.04413076   0.03986191     0.04413076  -0.03986191    -0.16867185  -0.05293852
    2    1
 -0.16867185   0.05293852    -0.04413076  -0.03986191    -0.04413076  -0.03986191
 -0.04413076  -0.03986191    -0.16867185   0.05293852     0.04413076   0.03986191
 -0.04413076  -0.03986191     0.04413076   0.03986191    -0.16867185   0.05293852
    2    2
  0.26617962   0.00000000    -0.02042123  -0.00000000    -0.02042123  -0.00000000
 -0.02042123  -0.00000000     0.26617962   0.00000000     0.02042123   0.00000000
 -0.02042123  -0.00000000     0.02042123   0.00000000     0.26617962   0.00000000

     Dynamical  Matrix in cartesian axes

     q = (   -0.250000000   0.250000000   0.250000000 ) 

    1    1
  0.24884340  -0.00000000    -0.01752331  -0.00000000    -0.01752331  -0.00000000
 -0.01752331  -0.00000000     0.24884340  -0.00000000     0.01752331  -0.00000000
 -0.01752331  -0.00000000     0.01752331  -0.00000000     0.24884340  -0.00000000
    1    2
 -0.16867185   0.05293852    -0.04413076  -0.03986191    -0.04413076  -0.03986191
 -0.04413076  -0.03986191    -0.16867185   0.05293852     0.04413076   0.03986191
 -0.04413076  -0.03986191     0.04413076   0.03986191    -0.16867185   0.05293852
    2    1
 -0.16867185  -0.05293852    -0.04413076   0.03986191    -0.04413076   0.03986191
 -0.04413076   0.03986191    -0.16867185  -0.05293852     0.04413076  -0.03986191
 -0.04413076   0.03986191     0.04413076  -0.03986191    -0.16867185  -0.05293852
    2    2
  0.26617962  -0.00000000    -0.02042123   0.00000000    -0.02042123   0.00000000
 -0.02042123   0.00000000     0.26617962  -0.00000000     0.02042123  -0.00000000
 -0.02042123   0.00000000     0.02042123  -0.00000000     0.26617962  -0.00000000

     Dynamical  Matrix in cartesian axes

     q = (   -0.250000000  -0.250000000   0.250000000 ) 

    1    1
  0.24884340   0.00000000     0.01752331   0.00000000    -0.01752331   0.00000000
  0.01752331   0.00000000     0.24884340   0.00000000    -0.01752331   0.00000000
 -0.01752331   0.00000000    -0.01752331   0.00000000     0.24884340   0.00000000
    1    2
 -0.16867185  -0.05293852     0.04413076  -0.03986191    -0.04413076   0.03986191
  0.04413076  -0.03986191    -0.16867185  -0.05293852    -0.04413076   0.03986191
 -0.04413076   0.03986191    -0.04413076   0.03986191    -0.16867185  -0.05293852
    2    1
 -0.16867185   0.05293852     0.04413076   0.03986191    -0.04413076  -0.03986191
  0.04413076   0.03986191    -0.16867185   0.05293852    -0.04413076  -0.03986191
 -0.04413076  -0.03986191    -0.04413076  -0.03986191    -0.16867185   0.05293852
    2    2
  0.26617962   0.00000000     0.02042123   0.00000000    -0.02042123  -0.00000000
  0.02042123   0.00000000     0.26617962   0.00000000    -0.02042123  -0.00000000
 -0.02042123  -0.00000000    -0.02042123  -0.00000000     0.26617962   0.00000000

     Dynamical  Matrix in cartesian axes

     q = (    0.250000000   0.250000000  -0.250000000 ) 

    1    1
  0.24884340  -0.00000000     0.01752331  -0.00000000    -0.01752331  -0.00000000
  0.01752331  -0.00000000     0.24884340  -0.00000000    -0.01752331  -0.00000000
 -0.01752331  -0.00000000    -0.01752331  -0.00000000     0.24884340  -0.00000000
    1    2
 -0.16867185   0.05293852     0.04413076   0.03986191    -0.04413076  -0.03986191
  0.04413076   0.03986191    -0.16867185   0.05293852    -0.04413076  -0.03986191
 -0.04413076  -0.03986191    -0.04413076  -0.03986191    -0.16867185   0.05293852
    2    1
 -0.16867185  -0.05293852     0.04413076  -0.03986191    -0.04413076   0.03986191
  0.04413076  -0.03986191    -0.16867185  -0.05293852    -0.04413076   0.03986191
 -0.04413076   0.03986191    -0.04413076   0.03986191    -0.16867185  -0.05293852
    2    2
  0.26617962  -0.00000000     0.02042123  -0.00000000    -0.02042123   0.00000000
  0.02042123  -0.00000000     0.26617962  -0.00000000    -0.02042123   0.00000000
 -0.02042123   0.00000000    -0.02042123   0.00000000     0.26617962  -0.00000000

     Dynamical  Matrix in cartesian axes

     q = (    0.250000000   0.250000000   0.250000000 ) 

    1    1
  0.24884340   0.00000000     0.01752331   0.00000000     0.01752331   0.00000000
  0.01752331   0.00000000     0.24884340   0.00000000     0.01752331   0.00000000
  0.01752331   0.00000000     0.01752331   0.00000000     0.24884340   0.00000000
    1    2
 -0.05293852   0.16867185    -0.03986191  -0.04413076    -0.03986191  -0.04413076
 -0.03986191  -0.04413076    -0.05293852   0.16867185    -0.03986191  -0.04413076
 -0.03986191  -0.04413076    -0.03986191  -0.04413076    -0.05293852   0.16867185
    2    1
 -0.05293852  -0.16867185    -0.03986191   0.04413076    -0.03986191   0.04413076
 -0.03986191   0.04413076    -0.05293852  -0.16867185    -0.03986191   0.04413076
 -0.03986191   0.04413076    -0.03986191   0.04413076    -0.05293852  -0.16867185
    2    2
  0.26617962   0.00000000     0.02042123   0.00000000     0.02042123   0.00000000
  0.02042123   0.00000000     0.26617962   0.00000000     0.02042123   0.00000000
  0.02042123   0.00000000     0.02042123   0.00000000     0.26617962   0.00000000

     Dynamical  Matrix in cartesian axes

     q = (   -0.250000000  -0.250000000  -0.250000000 ) 

    1    1
  0.24884340  -0.00000000     0.01752331  -0.00000000     0.01752331  -0.00000000
  0.01752331  -0.00000000     0.24884340  -0.00000000     0.01752331  -0.00000000
  0.01752331  -0.00000000     0.01752331  -0.00000000     0.24884340  -0.00000000
    1    2
 -0.05293852  -0.16867185    -0.03986191   0.04413076    -0.03986191   0.04413076
 -0.03986191   0.04413076    -0.05293852  -0.16867185    -0.03986191   0.04413076
 -0.03986191   0.04413076    -0.03986191   0.04413076    -0.05293852  -0.16867185
    2    1
 -0.05293852   0.16867185    -0.03986191  -0.04413076    -0.03986191  -0.04413076
 -0.03986191  -0.04413076    -0.05293852   0.16867185    -0.03986191  -0.04413076
 -0.03986191  -0.04413076    -0.03986191  -0.04413076    -0.05293852   0.16867185
    2    2
  0.26617962  -0.00000000     0.02042123  -0.00000000     0.02042123  -0.00000000
  0.02042123  -0.00000000     0.26617962  -0.00000000     0.02042123  -0.00000000
  0.02042123  -0.00000000     0.02042123  -0.00000000     0.26617962  -0.00000000

     Diagonalizing the dynamical matrix

     q = (   -0.250000000   0.250000000  -0.250000000 ) 

 **************************************************************************
     freq (    1) =       2.427507 [THz] =      80.972910 [cm-1]
 ( -0.564185 -0.026772 -0.354563 -0.013891  0.209622  0.012881 ) 
 ( -0.577287  0.008057 -0.362613  0.008057  0.214674  0.000000 ) 
     freq (    2) =       2.427507 [THz] =      80.972910 [cm-1]
 ( -0.083277 -0.008241  0.446682  0.024325  0.529959  0.032566 ) 
 ( -0.085480 -0.003187  0.457251 -0.003187  0.542731  0.000000 ) 
     freq (    3) =       5.552129 [THz] =     185.199083 [cm-1]
 (  0.175724  0.289913 -0.175724 -0.289913  0.175724  0.289913 ) 
 (  0.467338  0.000000 -0.467338 -0.000000  0.467338  0.000000 ) 
     freq (    4) =      11.613333 [THz] =     387.379087 [cm-1]
 (  0.263203 -0.006788 -0.493150 -0.053265 -0.756353 -0.046477 ) 
 ( -0.092407  0.008074  0.174564  0.008074  0.266970  0.000000 ) 
     freq (    5) =      11.613333 [THz] =     387.379087 [cm-1]
 (  0.703437  0.170035  0.566482  0.161619 -0.136955 -0.008416 ) 
 ( -0.251033 -0.044592 -0.202692 -0.044592  0.048341  0.000000 ) 
     freq (    6) =      11.949215 [THz] =     398.582912 [cm-1]
 ( -0.289549 -0.477703  0.289549  0.477703 -0.289549 -0.477703 ) 
 (  0.145926  0.000000 -0.145926  0.000000  0.145926  0.000000 ) 
 **************************************************************************
